# Created by Octave 4.4.1, Mon Nov 26 11:46:56 2018 GMT <unknown@PC-MATNI>
# name: ild_llrm10
# type: matrix
# ndims: 3
 31 5 8
 86.937774845375486
 122.9292232836936
 163.02296573087878
 207.68658037189996
 257.44093980665224
 312.86628553066174
 374.60899478319539
 443.38911867859849
 520.00877953147653
 605.36152530637071
 700.44275028467302
 806.36130347588937
 924.35242015198094
 1055.7921273139325
 1202.2132910888845
 1365.3234932045623
 1547.0249450186516
 1749.4366713429993
 1974.919222773146
 2226.102204721426
 2505.9149442006315
 2817.6206519980592
 3164.854478643455
 3551.6659079842425
 3982.5659827671689
 4462.579912976943
 4997.3056804568159
 5592.979323265431
 6256.5476611242257
 6995.7493100884976
 7819.2049312452937
 -1.5567164428717406
 -1.5546609370641862
 -1.551568339500446
 -1.5471099825326875
 -1.5408891616270235
 -1.5323820584174854
 -1.520995428915116
 -1.5057635054739644
 -1.4856717838681543
 -1.4597613165763013
 -1.4255564236005849
 -1.3813832125833845
 -1.326967809463893
 -1.2514554833472427
 -1.1629934680305691
 -1.033776517493004
 -0.87545481167335137
 -0.67331411062447222
 -0.40792265610061162
 -0.065136459398987795
 0.36007670024888661
 0.88818369630664562
 1.4830909079459329
 2.0491941805432505
 2.3285063958427763
 2.0674437954429772
 1.2793994113076665
 0.3076109317748586
 -0.48383331710580008
 -1.1364181801204638
 -1.3959618023250822
 0.020833333333333332
 0.020833333333333332
 0.020833333333333332
 0.020833333333333332
 0.020833333333333332
 0.020833333333333332
 0.020833333333333332
 0.020833333333333332
 0.020833333333333332
 0.020833333333333332
 0.020833333333333332
 0.020833333333333332
 0.020833333333333332
 0.020833333333333332
 0.020833333333333332
 0.020833333333333332
 0.020833333333333332
 0.020833333333333332
 0.020833333333333332
 0.020833333333333332
 0.020833333333333332
 0.020833333333333332
 0
 0
 0
 0
 0
 0
 0
 0
 0
 0.020833333333333332
 0.020833333333333332
 0.020833333333333332
 0.020833333333333332
 0.020833333333333332
 0.020833333333333332
 0.020833333333333332
 0.020833333333333332
 0.020833333333333332
 0.020833333333333332
 0.020833333333333332
 0.020833333333333332
 0.020833333333333332
 0.020833333333333332
 0.020833333333333332
 0.020833333333333332
 0.020833333333333332
 0.020833333333333332
 0.020833333333333332
 0.020833333333333332
 0.020833333333333332
 0.020833333333333332
 0
 0
 0
 0
 0
 0
 0
 0
 0
 0.018707942292924887
 0.01864302876901849
 0.018623753141495922
 0.018610425079697068
 0.018558702479102924
 0.018502185532562245
 0.018489751690320758
 0.018342940743947298
 0.018288191210219216
 0.018102861539891373
 0.018013472764106503
 0.017861409122815586
 0.017108990158379078
 0.016721410129534476
 0.015269940725971083
 0.015359556678436507
 0.01376379548346344
 0.011689211144293931
 0.0094489307614824564
 0.0064079302117362987
 -0.00078306870974895703
 -0.0099991719893775723
 -0.023107940798759455
 -0.037478522593219633
 -0.044086845228911486
 -0.034262494843768074
 -0.013643348476324367
 0.006065823441603029
 0.018956501857411819
 0.02137418908119124
 0.02063252234225741
 86.937774845375486
 122.9292232836936
 163.02296573087878
 207.68658037189996
 257.44093980665224
 312.86628553066174
 374.60899478319539
 443.38911867859849
 520.00877953147653
 605.36152530637071
 700.44275028467302
 806.36130347588937
 924.35242015198094
 1055.7921273139325
 1202.2132910888845
 1365.3234932045623
 1547.0249450186516
 1749.4366713429993
 1974.919222773146
 2226.102204721426
 2505.9149442006315
 2817.6206519980592
 3164.854478643455
 3551.6659079842425
 3982.5659827671689
 4462.579912976943
 4997.3056804568159
 5592.979323265431
 6256.5476611242257
 6995.7493100884976
 7819.2049312452937
 -1.5505653048857737
 -1.542328807896661
 -1.5299040033089442
 -1.5119703694685276
 -1.4868316782100539
 -1.4523034528204102
 -1.4055477246173884
 -1.3429898397414419
 -1.2598260236930896
 -1.1496802606198333
 -1.0040945152492933
 -0.81176832561999235
 -0.55572015347435011
 -0.22818590727360821
 0.1888471702441846
 0.74114730103219217
 1.3715808495584563
 1.9883081009858539
 2.3171038237457169
 2.042564378336575
 1.1903115476381134
 0.14761148185775319
 -0.72092270836176287
 -1.2994616932210148
 -1.5187294998840999
 -1.3199131817022067
 -0.49077936970846914
 1.1229618466928823
 1.8625646169918011
 0.16772567695111634
 -0.94482018730684969
 0.041666666666666664
 0.041666666666666664
 0.041666666666666664
 0.041666666666666664
 0.041666666666666664
 0.041666666666666664
 0.041666666666666664
 0.041666666666666664
 0.041666666666666664
 0.041666666666666664
 0.041666666666666664
 0.041666666666666664
 0.041666666666666664
 0.041666666666666664
 0.020833333333333332
 0.020833333333333332
 0.020833333333333332
 0.020833333333333332
 0
 0
 -0.020833333333333332
 -0.020833333333333332
 0
 0
 0
 0
 0
 0
 0
 0
 0
 0.041666666666666664
 0.041666666666666664
 0.041666666666666664
 0.041666666666666664
 0.041666666666666664
 0.041666666666666664
 0.041666666666666664
 0.041666666666666664
 0.041666666666666664
 0.041666666666666664
 0.041666666666666664
 0.041666666666666664
 0.041666666666666664
 0.041666666666666664
 0.020833333333333332
 0.020833333333333332
 0.020833333333333332
 0.020833333333333332
 0
 0
 -0.020833333333333332
 -0.020833333333333332
 0
 0
 0
 0
 0
 0
 0
 0
 0
 0.037349611733453664
 0.037116101444139321
 0.036977374820419927
 0.036782972621787986
 0.036572753478211914
 0.036293554668302828
 0.035644226401585856
 0.035090624807449226
 0.034056091015065619
 0.032826608280630616
 0.030494172710086021
 0.02793646496815835
 0.022712028781386302
 0.015692533344970904
 0.0039565872697741407
 -0.013773260936500263
 -0.038975521112113255
 -0.068879244798545472
 -0.087830135054728684
 -0.0713987287156614
 -0.029506452343985884
 0.0085673195500606709
 0.027707785017657777
 0.035747504943532557
 0.037422541644331959
 0.03378302361073611
 0.015937031422501361
 -0.041784048734241318
 -0.065877363692857335
 0.02601132978820124
 0.04260036008713667
 86.937774845375486
 122.9292232836936
 163.02296573087878
 207.68658037189996
 257.44093980665224
 312.86628553066174
 374.60899478319539
 443.38911867859849
 520.00877953147653
 605.36152530637071
 700.44275028467302
 806.36130347588937
 924.35242015198094
 1055.7921273139325
 1202.2132910888845
 1365.3234932045623
 1547.0249450186516
 1749.4366713429993
 1974.919222773146
 2226.102204721426
 2505.9149442006315
 2817.6206519980592
 3164.854478643455
 3551.6659079842425
 3982.5659827671689
 4462.579912976943
 4997.3056804568159
 5592.979323265431
 6256.5476611242257
 6995.7493100884976
 7819.2049312452937
 -1.5258716117344666
 -1.4927119619569158
 -1.4423211156861224
 -1.3689229095990538
 -1.2647276930166573
 -1.1192538790249771
 -0.91855511724052641
 -0.64368373179580529
 -0.27078165703421503
 0.22556507546605303
 0.86002294602790685
 1.582477424969662
 2.1803429335537685
 2.2322465962153957
 1.5163940381342833
 0.41658814201269934
 -0.5775474314540473
 -1.2431084162531114
 -1.5086189260689951
 -1.2962755890041597
 -0.37236533577345604
 1.3733782093681348
 1.4817582020020972
 -0.54444582031604116
 -1.4049151796633956
 -0.65664644394967353
 1.4728079849866411
 -0.51598931774479839
 -1.1782143701062728
 0.67204509964393777
 0.30174023900137381
 0.083333333333333329
 0.083333333333333329
 0.083333333333333329
 0.083333333333333329
 0.0625
 0.0625
 0.0625
 0.0625
 0.0625
 0.0625
 0.041666666666666664
 0.041666666666666664
 0.020833333333333332
 0
 -0.020833333333333332
 -0.020833333333333332
 -0.020833333333333332
 0
 0
 0
 0.020833333333333332
 0
 0
 0
 0
 0
 0
 0
 0
 0
 0
 0.083333333333333329
 0.083333333333333329
 0.083333333333333329
 0.083333333333333329
 0.0625
 0.0625
 0.0625
 0.0625
 0.0625
 0.0625
 0.041666666666666664
 0.041666666666666664
 0.020833333333333332
 0
 -0.020833333333333332
 -0.020833333333333332
 -0.020833333333333332
 0
 0
 0
 0.020833333333333332
 0
 0
 0
 0
 0
 0
 0
 0
 0
 0
 0.07455168697676208
 0.07326016514471724
 0.072064997246741855
