# Created by Octave 4.4.1, Tue Nov 27 12:41:45 2018 GMT <unknown@PC-MATNI>
# name: itd_llrm20
# type: matrix
# ndims: 3
 30 5 8
 100.00000000000003
 137.48027676613941
 179.23254372716977
 225.74372098613912
 277.55622764678088
 335.274307572211
 399.57107615161925
 471.19637025521865
 550.98549292459825
 639.86895478014083
 738.88332575100446
 849.1833236818843
 972.05528079538442
 1108.9321450575458
 1261.4101913943189
 1431.2676376472446
 1620.4853823699307
 1831.2701063120701
 2066.0800070033606
 2327.6534665572358
 2619.0409870218709
 2943.6407657124928
 3305.2383254089063
 3708.0506615905115
 4156.7754215593268
 4656.6456889840374
 5213.491012769191
 5833.805391975784
 6524.8230096417701
 7294.6025987196917
 -0.030594963536083812
 -0.057519277978775492
 -0.096878084785453289
 -0.15207171626743299
 -0.22673662202504527
 -0.32497110633949955
 -0.45062312129815696
 -0.60587413728879536
 -0.7911715181320117
 -0.99939602220024004
 -1.2133287389580247
 -1.3984124823410984
 -1.4972977169547463
 -1.4410405362060807
 -1.1755580939556654
 -0.70506019297110767
 -0.11946925418256152
 0.43150733209823716
 0.78661449604389977
 0.79353732168766689
 0.40549707113314742
 -0.090491230957993635
 0.065579666280334806
 0.99323232209406331
 1.6029157410885193
 0.96663028729126377
 -0.17491457786845921
 0.2057990014815442
 0.26632641815113645
 -0.96050225904490527
 -0.041666666666666664
 -0.020833333333333332
 -0.020833333333333332
 -0.020833333333333332
 -0.020833333333333332
 -0.020833333333333332
 -0.020833333333333332
 -0.020833333333333332
 -0.020833333333333332
 -0.020833333333333332
 0
 0
 0
 0.020833333333333332
 0.020833333333333332
 0.020833333333333332
 0.020833333333333332
 0.020833333333333332
 0
 0
 0
 0
 0
 0
 0
 0
 0
 0
 0
 0
 -0.041666666666666664
 -0.020833333333333332
 -0.020833333333333332
 -0.020833333333333332
 -0.020833333333333332
 -0.020833333333333332
 -0.020833333333333332
 -0.020833333333333332
 -0.020833333333333332
 -0.020833333333333332
 0
 0
 0
 0.020833333333333332
 0.020833333333333332
 0.020833333333333332
 0.020833333333333332
 0.020833333333333332
 0
 0
 0
 0
 0
 0
 0
 0
 0
 0
 0
 0
 -0.030815573343267382
 -0.029234766043938088
 -0.027010299441183615
 -0.024385594391465138
 -0.020554948202176054
 -0.015538837909761372
 -0.0090295887837503284
 -0.0002987107400361845
 0.010723024910281558
 0.023863566306544848
 0.037952343784024525
 0.051550953839285936
 0.06075926693671569
 0.059995355738788725
 0.045552451294571028
 0.021035464268937432
 -0.0077752508916685559
 -0.031217436306469577
 -0.043217043530467736
 -0.037055805333236588
 -0.0086124292313625433
 0.03394869818805725
 0.031752957273408045
 -0.026600905267521343
 -0.057403650110824274
 -0.022590295771765453
 0.047355308729661698
 -0.016529690696822644
 -0.029460134245293951
 0.060635922764575384
 100.00000000000003
 137.48027676613941
 179.23254372716977
 225.74372098613912
 277.55622764678088
 335.274307572211
 399.57107615161925
 471.19637025521865
 550.98549292459825
 639.86895478014083
 738.88332575100446
 849.1833236818843
 972.05528079538442
 1108.9321450575458
 1261.4101913943189
 1431.2676376472446
 1620.4853823699307
 1831.2701063120701
 2066.0800070033606
 2327.6534665572358
 2619.0409870218709
 2943.6407657124928
 3305.2383254089063
 3708.0506615905115
 4156.7754215593268
 4656.6456889840374
 5213.491012769191
 5833.805391975784
 6524.8230096417701
 7294.6025987196917
 -0.043067926661171527
 -0.080734302518218212
 -0.13546710758225577
 -0.21113620848029652
 -0.31173420240211797
 -0.44036423270704422
 -0.59748824496925801
 -0.7776617863220957
 -0.96700595668468603
 -1.1304130069805431
 -1.2117147745175942
 -1.1326876346316668
 -0.82560759043565912
 -0.28259011509963738
 0.40578046930447575
 1.0725207600788558
 1.5027904252794295
 1.5019465128813605
 0.95991789200189859
 0.12143110943621124
 -0.21331813884540834
 0.19139989964799042
 0.30416885347860456
 -0.61297845629570835
 -1.4487733541470846
 -0.25885810131565284
 0.62088511738052143
 0.22835236227836148
 1.0370372412666387
 -0.045973837637770902
 -0.020833333333333332
 -0.020833333333333332
 -0.020833333333333332
 -0.020833333333333332
 -0.020833333333333332
 -0.020833333333333332
 -0.020833333333333332
 -0.020833333333333332
 0
 0
 0.020833333333333332
 0.020833333333333332
 0.020833333333333332
 0.020833333333333332
 0.020833333333333332
 0.020833333333333332
 0
 0
 0
 0
 0
 0
 0
 0
 0
 0
 0
 0
 0
 0
 -0.020833333333333332
 -0.020833333333333332
 -0.020833333333333332
 -0.020833333333333332
 -0.020833333333333332
 -0.020833333333333332
 -0.020833333333333332
 -0.020833333333333332
 0
 0
 0.020833333333333332
 0.020833333333333332
 0.020833333333333332
 0.020833333333333332
 0.020833333333333332
 0.020833333333333332
 0
 0
 0
 0
 0
 0
 0
 0
 0
 0
 0
 0
 0
 0
 -0.029638670251733685
 -0.026675081751057126
 -0.022988830283791048
 -0.017620298064125895
 -0.01049290300326172
 -0.001081866290983399
 0.011317793396723104
 0.026639768118006862
 0.043514994198845712
 0.061016290198570099
 0.073701248664020072
 0.07484305998922243
 0.057711888263878935
 0.023364893964388431
 -0.01799605308902737
 -0.055795325950934505
 -0.076750951536333697
 -0.07207435433365865
 -0.033967483906342286
 0.029715996674230204
 0.04253146708098423
 -0.015997806191233695
 -0.041812671592645512
 0.01044740555816887
 0.089159865663519258
 -0.015534030207456327
 -0.046754324554361792
 0.039563960832434755
 -0.066501264198651891
 0.039143181722870686
 100.00000000000003
 137.48027676613941
 179.23254372716977
 225.74372098613912
 277.55622764678088
 335.274307572211
 399.57107615161925
 471.19637025521865
 550.98549292459825
 639.86895478014083
 738.88332575100446
 849.1833236818843
 972.05528079538442
 1108.9321450575458
 1261.4101913943189
 1431.2676376472446
 1620.4853823699307
 1831.2701063120701
 2066.0800070033606
 2327.6534665572358
 2619.0409870218709
 2943.6407657124928
 3305.2383254089063
 3708.0506615905115
 4156.7754215593268
 4656.6456889840374
 5213.491012769191
 5833.805391975784
 6524.8230096417701
 7294.6025987196917
 -0.067437802616348297
 -0.12520708945622677
 -0.20702655765992936
 -0.31547327305096295
 -0.44954974830543032
 -0.60023928168978069
 -0.74319450455945446
 -0.83017736331849745
 -0.78180414642533669
 -0.51342065562327455
 0.0078355180347655321
 0.69058729793579288
 1.3085364965075454
 1.5810313846462056
 1.287628494123219
 0.33211519247815668
 -0.89535515518438868
 -1.4110510530298261
 -0.67724126671948714
 0.24414164129044791
 0.3572235514892026
 0.14235256249405631
 0.71309773858538883
 -0.098053701628937492
 -1.1392041275784317
 0.6950431829334982
 0.22888772149468908
 -0.11247290435216276
 -0.50848152472979224
 0.81279890732563609
 -0.020833333333333332
 -0.020833333333333332
 -0.020833333333333332
 -0.020833333333333332
 -0.020833333333333332
 0
 0
 0.020833333333333332
 0.020833333333333332
 0.020833333333333332
 0.041666666666666664
 0.020833333333333332
 0.020833333333333332
 0
 -0.020833333333333332
 -0.020833333333333332
 -0.020833333333333332
 0
 0
 0
 0
 0
 0
 0
 0
 0
 0
 0
 0
 0
 -0.020833333333333332
 -0.020833333333333332
 -0.020833333333333332
 -0.020833333333333332
 -0.020833333333333332
 0
 0
 0.020833333333333332
 0.020833333333333332
 0.020833333333333332
 0.041666666666666664
 0.020833333333333332
 0.020833333333333332
 0
 -0.020833333333333332
 -0.020833333333333332
 -0.020833333333333332
 0
 0
 0
 0
 0
 0
 0
 0
 0
 0
 0
 0
 0
 -0.025727387000151324
 -0.019041885569981543
 -0.010118098274341484
 0.0022117179153326202
 0.018606705786135231
 0.038978185116166776
 0.061847151029431058
 0.081878455147393989
 0.089592694348421945
 0.071683367378212112
 0.02318604341565771
 -0.042668093061212033
 -0.10046884275136632
 -0.12600173875039142
 -0.10251766547955532
 -0.028067474774197809
 0.085737142565674759
 0.12496041203776227
 0.027580123267118086
 -0.050542568447767694
 -0.031609120727726217
 0.040028801797493234
 -0.070135162195756315
 -0.017082900638602933
 0.12894228077862932
